DHR1.pdb 45 88 89 132
DHR3.pdb 43 84 85 126
DHR4.pdb 51 100 101 150
DHR7.pdb 43 84 85 126
DHR8.pdb 46 90 91 135
DHR9.pdb 51 100 101 150
DHR10.pdb 51 100 101 150
DHR14.pdb 41 80 81 120
DHR15.pdb 47 92 93 138
DHR18.pdb 61 120 121 180
DHR20.pdb 39 76 77 114
DHR21.pdb 39 76 77 114
DHR23.pdb 41 80 81 120
DHR24.pdb 47 92 93 138
DHR26.pdb 53 104 105 156
DHR27.pdb 55 108 109 162
DHR31.pdb 42 82 83 123
DHR32.pdb 42 82 83 123
DHR36.pdb 42 82 83 123
DHR39.pdb 43 84 85 126
DHR46.pdb 40 78 79 117
DHR47.pdb 40 78 79 117
DHR49.pdb 41 80 81 120
DHR52.pdb 44 86 87 129
DHR53.pdb 44 86 87 129
DHR54.pdb 44 86 87 129
DHR55.pdb 47 92 93 138
DHR57.pdb 48 94 95 141
DHR58.pdb 48 94 95 141
DHR59.pdb 49 96 97 144
DHR62.pdb 44 86 87 129
DHR64.pdb 58 114 115 171
DHR68.pdb 62 122 123 183
DHR70.pdb 51 100 101 150
DHR71.pdb 51 100 101 150
DHR72.pdb 38 74 75 111
DHR76.pdb 56 110 111 165
DHR77.pdb 52 102 103 153
DHR78.pdb 52 102 103 153
DHR79.pdb 57 112 113 168
DHR80.pdb 58 114 115 171
DHR81.pdb 58 114 115 171
DHR82.pdb 59 116 117 174
